Connect4 = [66.06	59.90	62.37;
67.41	60.76	62.49;
64.97	56.96	59.35;
65.96	59.52	61.97;
67.88	60.59	62.33;
65.04	57.32	59.75;
66.20	59.86	62.33;
67.59	61.22	62.64;
64.82	57.38	59.48;
66.68	60.11	62.85;
67.29	60.34	62.01;
64.06	56.40	58.84;
66.63	59.50	62.21;
67.60	60.75	62.56;
65.38	57.09	58.88;
];

Isolet = [81.478125	79.4471875	79.33291667;
85.404375	85.3925	85.24713542;
84.225625	84.57921875	84.6103125;
79.936875	80.03515625	79.00708333;
84.693125	84.62859375	84.69890625;
84.665	84.31140625	84.22473958;
80.561875	80.80453125	81.10380208;
84.4025	84.68546875	84.745625;
85.356875	85.20671875	85.28739583;
80.92375	80.10265625	80.59916667;
84.900625	84.731875	85.04947917;
85.27	85.2615625	85.3203125;
80.61	80.715625	80.52994792;
84.4	85.07078125	84.93760417;
85.2425	84.83921875	85.13182292;
];

Musk2 = [89.284375	86.7503125	87.46703125	;
91.073125	87.94453125	88.61958333	;
89.7	88.5190625	89.2675	;
89.253125	86.8103125	79.00708333	;
90.038125	87.83	87.43854167	;
90.82875	88.46046875	88.74546875	;
88.654375	86.22765625	87.06895833	;
91.353125	88.53140625	89.185625	;
91.166875	88.3990625	89.7646875	;
88.95	86.1890625	87.0634375	;
89.426875	86.82921875	87.960625	;
89.980625	88.8853125	89.43953125	;
88.725625	86.48875	87.12385417	;
90.674375	88.29984375	88.77427083	;
90.60625	88.87078125	89.90723958	;
];

Ozone = [92.375625	88.9296875	89.44828125;
91.901875	88.728125	89.35125;
90.599375	87.96421875	88.543125;
89.7925	87.02671875	87.93010417;
90.776875	87.0103125	88.08182292;
90.540625	88.23046875	88.76994792;
92.2475	88.4190625	89.21135417;
90.9225	87.0984375	87.81536458;
90.6275	88.25703125	89.18901042;
92.664375	89.40984375	89.97927083;
91.45	88.8796875	89.67541667;
90.784375	89.18421875	89.75005208;
91.843125	89.27921875	89.92197917;
91.26375	88.13515625	88.4415625;
91.5975	88.6403125	89.04020833;];

Spambase = [85.52375	85.3446875	86.99713542
87.948125	86.35734375	88.00911458
87.74875	87.0221875	88.46052083
85.526875	85.2665625	86.83078125
87.060625	86.29015625	87.65458333
87.075625	86.39140625	87.67994792
86.514375	85.5471875	86.95854167
87.605625	86.4421875	87.93052083
87.100625	86.45609375	87.92109375
86.986875	86.1234375	87.93067708
86.514375	85.06859375	87.08713542
87.81	87.39703125	88.65786458
86.391875	85.06515625	86.83052083
87.78125	86.62015625	88.42052083
87.145625	85.89984375	87.48520833
];

Weight = [84.3575	86.53953125	86.53953125	;
87.461875	90.45890625	90.45890625	;
93.494375	93.70125	93.70125	;
84.1025	86.8634375	86.8634375	;
90.665	91.275	91.275	;
92.938125	93.310625	93.310625	;
85.93875	85.33171875	85.33171875	;
89.928125	90.4040625	90.4040625	;
93.39625	93.485	93.485	;
85.4125	87.6971875	87.6971875	;
91.470625	91.35015625	91.35015625	;
93.5825	93.86875	93.86875	;
84.89	87.2565625	87.2565625	;
91.449375	91.2190625	91.2190625	;
93.526875	93.8025	93.8025	;
];

Brain = [49.1075	51.63635417	51.63635417	;
56.24875	56.69572917	56.69572917	;
72.320625	69.49364583	69.49364583	;
57.1425	59.67260417	59.67260417	;
68.748125	67.26010417	67.26010417	;
73.214375	59.52364583	59.52364583	;
66.070625	68.303125	68.303125	;
55.3575	56.10135417	56.10135417	;
62.5	64.58322917	64.58322917	;
63.3925	53.71979167	53.71979167	;
];

CNS = [66.5625	64.0625	63.48958333	;
53.75	56.953125	54.27083333	;
64.375	65.390625	65.91145833	;
50.3125	51.5625	52.03125	;
58.4375	50.234375	55.36458333	;
54.0625	53.359375	54.609375	;
54.375	58.359375	58.77604167	;
51.5625	54.453125	52.44791667	;
55	50.78125	54.47916667	;
53.4375	53.59375	55.05208333	;
];

Colon = [76.784375	77.90140625	78.07432292	;
54.760625	57.4384375	57.36328125	;
74.105625	74.47875	77.97541667	;
54.465	57.3671875	57.66489583	;
86.605625	83.8528125	83.60536458	;
53.57	53.8684375	53.52072917	;
73.211875	71.4278125	74.30484375	;
55.953125	55.65609375	59.82239583	;
77.975625	75.445625	76.909375	;
49.10625	54.16546875	52.60322917	;
];

Gli85 = [82.588125	82.64390625	83.20213542	;
58.93	65.4596875	63.65536458	;
84.82	83.70375	82.66270833	;
57.14375	56.5303125	57.42380208	;
86.383125	86.3840625	85.34192708	;
64.28625	56.9759375	51.24645833	;
85.49125	86.105	85.7515625	;
56.695	53.62625	53.66322917	;
87.27625	84.26296875	83.61197917	;
56.026875	54.018125	53.86921875	;
];

Ovarian = [99.25625	98.5125	98.87817708	;
47.396875	51.4503125	46.73203125	;
99.033125	98.884375	98.95875	;
48.289375	47.2659375	50.66989583	;
99.25625	99.08890625	98.67364583	;
38.466875	42.46671875	44.44395833	;
97.9175	98.4753125	98.26458333	;
45.163125	46.7453125	43.1671875	;
98.36375	98.90296875	99.02692708	;
54.761875	55.6365625	50.04395833	;
];

