Connect4 = [66.06	67.41	64.97
59.90	60.76	56.96
62.37	62.49	59.35
65.96	67.88	65.04
59.52	60.59	57.32
61.97	62.33	59.75
66.20	67.59	64.82
59.86	61.22	57.38
62.33	62.64	59.48
66.68	67.29	64.06
60.11	60.34	56.40
62.85	62.01	58.84
66.63	67.60	65.38
59.50	60.75	57.09
62.21	62.56	58.88
];

Isolet = [81.48	85.40	84.23
79.45	85.39	84.58
79.33	85.25	84.61
79.94	84.69	84.67
80.04	84.63	84.31
79.01	84.70	84.22
80.56	84.40	85.36
80.80	84.69	85.21
81.10	84.75	85.29
80.92	84.90	85.27
80.10	84.73	85.26
80.60	85.05	85.32
80.61	84.40	85.24
80.72	85.07	84.84
80.53	84.94	85.13
];

Musk2 = [89.28	91.07	89.70
86.75	87.94	88.52
87.47	88.62	89.27
89.25	90.04	90.83
86.81	87.83	88.46
87.44	88.75	89.23
88.65	91.35	91.17
86.23	88.53	88.40
87.07	89.19	89.76
88.95	89.43	89.98
86.19	86.83	88.89
87.06	87.96	89.44
88.73	90.67	90.61
86.49	88.30	88.87
87.12	88.77	89.91
];

Ozone = [92.38	91.90	90.60;
88.93	88.73	87.96;
89.45	89.35	88.54;
89.79	90.78	90.54;
87.03	87.01	88.23;
87.93	88.08	88.77;
92.25	90.92	90.63;
88.42	87.10	88.26;
89.21	87.82	89.19;
92.66	91.45	90.78;
89.41	88.88	89.18;
89.98	89.68	89.75;
91.84	91.26	91.60;
89.28	88.14	88.64;
89.92	88.44	89.04;
];

Spambase = [85.52	87.95	87.75
85.34	86.36	87.02
87.00	88.01	88.46
85.53	87.06	87.08
85.27	86.29	86.39
86.83	87.65	87.68
86.51	87.61	87.10
85.55	86.44	86.46
86.96	87.93	87.92
86.99	86.51	87.81
86.12	85.07	87.40
87.93	87.09	88.66
86.39	87.78	87.15
85.07	86.62	85.90
86.83	88.42	87.49
];

Weight = [84.36	87.46	93.49
86.54	90.46	93.70
86.82	91.39	92.46
84.10	90.67	92.94
86.86	91.28	93.31
84.03	92.87	94.48
85.94	89.93	93.40
85.33	90.40	93.49
83.84	91.84	94.58
85.41	91.47	93.58
87.70	91.35	93.87
89.51	92.85	92.73
84.89	91.45	93.53
87.26	91.22	93.80
86.48	91.87	94.83
];

Brain = [49.11	56.25;
49.78	57.81;
50.15	58.11;
72.32	57.14;
66.96	61.61;
71.50	60.94;
68.75	73.21;
65.85	58.04;
67.93	62.80;
66.07	55.36;
66.52	56.03;
68.60	56.92;
62.50	63.39;
64.51	54.91;
63.24	54.76;
];

CNS = [66.56	53.75
64.06	56.95
63.49	54.27
64.38	50.31
65.39	51.56
65.91	52.03
58.44	54.06
50.23	53.36
55.36	54.61
54.38	51.56
58.36	54.45
58.78	52.45
55.00	53.44
50.78	53.59
54.48	55.05

];

Colon = [76.78	54.76
77.90	57.44
78.07	57.36
74.11	54.47
74.48	57.37
77.98	57.66
86.61	53.57
83.85	53.87
83.61	53.52
73.21	55.95
71.43	55.66
74.30	59.82
77.98	49.11
75.45	54.17
76.91	52.60

];

Gli85 = [82.59	58.93
82.64	65.46
83.20	63.66
84.82	57.14
83.70	56.53
82.66	57.42
86.38	64.29
86.38	56.98
85.34	51.25
85.49	56.70
86.11	53.63
85.75	53.66
87.28	56.03
84.26	54.02
83.61	53.87
];

Ovarian = [99.26	47.40;
98.51	51.45;
98.88	46.73;
99.03	48.29;
98.88	47.27;
98.96	50.67;
99.26	38.47;
99.09	42.47;
98.67	44.44;
97.92	45.16;
98.48	46.75;
98.26	43.17;
98.36	54.76;
98.90	55.64;
99.03	50.04;

];

Nomao = [85.76	89.25	87.81;
84.34	87.47	86.87;
85.36	87.60	87.04;
87.40	88.83	87.26;
84.78	86.71	86.98;
84.81	87.30	86.91;
86.08	88.94	88.18;
83.85	86.80	87.98;
85.96	87.53	87.31;
84.50	88.88	88.66;
84.08	87.05	88.21;
85.62	87.18	87.94;
85.98	88.94	87.65;
84.87	86.94	87.48;
85.57	87.21	87.56;


    
];





test = [
0.88044	0.94294625
0.884596875	0.88735375
0.859530625	0.86760875
0.94261125	0.9471875
0.988741875	0.9850875

];    

f_d_a_r = [
62.88999375	63.093025	59.92483125
80.2271125	84.9113875	84.91609375
87.479725	88.8464	89.6735375
84.15279375	86.45710625	87.498375
89.7101125	89.07756875	89.3095625
86.6172125	87.35489375	87.61838125
85.9830375	91.78696875	93.72965
];

f_d_a_r_0 = [
    
66.306125	67.552625	64.854125
80.702125	84.760125	84.952
88.9735	90.513125	90.4565
85.4765	88.57125	87.798625
91.784625	91.263	90.829875
86.18875	87.382	87.376125
84.94025	90.195	93.387625
    
];

f_d_a_r_M = [

59.77840625	60.7330625	57.02884375
80.22103125	84.90184375	84.839625
86.49321875	87.887	88.6269375
81.9626875	85.3255625	87.24278125
88.61290625	87.97034375	88.45525
85.46940625	86.1556875	86.6333125
86.7376875	90.9414375	93.633625
];

f_d_a_r_B = [
62.34323958	62.405375	59.26163542
80.11458333	84.93575	84.91491667
87.23236458	88.65711458	89.52236458
84.01260417	86.0311875	87.33851042
89.29819792	88.67308333	89.05846875
87.10953125	87.820375	88.04092708
86.13763542	92.16427083	93.814125
];

f_d_k_r = [
0.438679375	0.3799925	0.333774375
0.919889375	0.946561875	0.94684125
0.765655625	0.79939875	0.79278125
0.69123375	0.7645175	0.76089125
0.608624375	0.5730775	0.593744375
0.839676875	0.851748125	0.851895
0.838509375	0.89972875	0.922193125
];

f_d_k_r_0 = [   
0.2164125	0.205275	0.2663375
0.9188875	0.943025	0.943275
0.6702125	0.7664375	0.7421
0.6625	0.7500625	0.7305375
0.342475	0.3130375	0.3941375
0.798225	0.82535	0.824925
0.8091125	0.8649875	0.9073125
];

f_d_k_r_M = [ 
0.459871875	0.43226875	0.362178125
0.9196875	0.946146875	0.946403125
0.800678125	0.818003125	0.810125
0.679321875	0.7588	0.771146875
0.698390625	0.6588	0.66740625
0.835884375	0.84376875	0.847071875
0.845490625	0.89203125	0.923534375
];

f_d_k_r_B = [
0.478484375	0.419930208	0.351065625
0.920371875	0.947409375	0.9478
0.789134375	0.811120833	0.804934375
0.696891667	0.768536458	0.765828125
0.667639583	0.632527083	0.640783333
0.855282292	0.864997917	0.8633
0.845829167	0.908079167	0.926020833
];


f_d_a_m = [
63.94580625	59.16035625
59.16875	53.4625
77.704525	55.78826875
84.26285	55.89788125
98.7490125	47.15924375
];

f_d_a_m_0 = [
63.749375	61.071125
59.75	52.625
77.736625	53.571
85.31175	58.616375
98.765375	46.815625   
];

f_d_a_m_M = [
62.722625	57.678125
57.765625	53.984375
76.62128125	55.699125
84.6199375	57.3220625
98.7728125	48.71296875  
];

f_d_a_m_B = [
64.28509375	58.70505208
59.60416667	53.68229167
78.17386458	56.19490625
84.1140625	55.97161458
98.76041667	47.01140625
];

f_d_k_m = [

0.88044	0.94294625
0.884596875	0.88735375
0.859530625	0.86760875
0.94261125	0.9471875
0.988741875	0.9850875
];

f_d_k_m_0 = [
0.875775	0.9382375
0.8674	0.8575375
0.8265	0.834725
0.92195	0.921825
0.9855125	0.9831625    
];
f_d_k_m_M = [
0.8855125	0.945590625
0.89773125	0.89934375
0.864246875	0.87135625
0.9507375	0.955184375
0.988134375	0.983825
];
f_d_k_m_B = [
0.881523958	0.947141667
0.889185417	0.894053125
0.870203125	0.875420833
0.947920833	0.954733333
0.98974375	0.986421875
];

f_s_a_r = [
66.237625	59.18010417	61.33675;
83.47141667	83.32083333	83.32175;
89.98104167	87.66905208	88.47061458;
87.282125	84.84367708	85.79410069;
91.2925	88.34616667	89.00991667;
86.98229167	86.08613542	87.65694444;
89.507625	90.43758333	90.70534375;
];

f_s_k_r = [

0.229341667	0.41810625	0.416493403;
0.9350625	0.9374125	0.938527083;
0.72625	0.809602083	0.801729861;
0.714366667	0.736422917	0.743752083;
0.349883333	0.674865625	0.646983333;
0.816166667	0.842241667	0.861193403;
0.860470833	0.88701875	0.893309722;

];

f_s_a_m = [
62.41025	60.200375	61.49507292
56.1875	55.875	56.64322917
65.6538125	66.16020312	67.18438542
71.9640625	70.971	70.04283854
72.7905	73.74289063	72.88591146
];

f_s_k_m = [
0.907	0.9156	0.9143
0.8625	0.8985	0.8916
0.8306	0.8678	0.8728
0.9219	0.953	0.9513
0.9843	0.986	0.9881

];

s_m_h_r = [
64.854125	63.73	60.686375	51.753	51.946	57.02884375
84.952	85.098375	84.6205	84.688	84.951625	84.839625
90.4565	90.2855	88.959875	87.03775	88.224625	88.6269375
87.798625	88.559	87.16025	85.70575	87.546125	87.24278125
90.829875	90.17275	89.766375	89.030375	84.8515	88.45525
87.376125	87.668125	86.63325	83.854	88.377875	86.6333125
93.387625	93.697125	93.726375	93.57075	93.54025	93.633625

];

